#TESTNET CREDENTIALS
REACT_APP_OPERATOR_ID=0.0.47852364
REACT_APP_OPERATOR_PBKEY=302a300506032b657003210015f29cc577de9f0684ff01b3ac299ee0577502bd9d1b86b027aff3ff1d8b5f36
REACT_APP_OPERATOR_PVKEY=302e020100300506032b657004220420bfe9b89ce4b4231214060c5f1d7f5f3e89f7389e9e4b88141a50867ccab53285
REACT_APP_NISCHAL_ID=0.0.47852405
REACT_APP_NISCHAL_PVKEY=302e020100300506032b65700422042009aaf06921c7b5d98f7ce3122cea89b0191fe59419b6bc9d41248a2b51659a03